[[0.5, 0.5], [1.0, 0.0], [0.75, 0.25], [0.0, 1.0], [0.5, 0.5], [0.0, 1.0], [0.375, 0.625], [0.0, 1.0], [0.3, 0.7], [0.41407070159912107, 0.5859292984008789], [0.31901178359985355, 0.6809882164001465], [0.0, 1.0], [0.2734386716570173, 0.7265613283429827], [1.0, 0.0], [0.36425883769989015, 0.6357411623001099], [1.0, 0.0], [0.4348967446221246, 0.5651032553778754], [1.0, 0.0], [0.4914070701599121, 0.508592929840088], [0.0, 1.0], [0.4467337001453746, 0.5532662998546254], [1.0, 0.0], [0.49283922513326006, 0.5071607748667399], [1.0, 0.0], [0.5318515924307016, 0.46814840756929843], [0.0, 1.0], [0.49386219297136574, 0.5061378070286342], [0.4982350945472717, 0.5017649054527282], [0.49415371974309286, 0.5058462802569071], [0.9283169984817505, 0.07168300151824947], [0.521288924664259, 0.478711075335741], [0.1024230003356934, 0.8975769996643066], [0.49664975264493166, 0.5033502473550683], [1.0, 0.0], [0.5246136552757688, 0.4753863447242312], [1.0, 0.0], [0.549633989208623, 0.45036601079137695], [0.0, 1.0], [0.522152289748192, 0.47784771025180806], [0.0, 1.0], [0.497287894998278, 0.502712105001722]]

[[0.5, 0.5], [1.0, 0.0], [0.75, 0.25], [0.0, 1.0], [0.5, 0.5], [0.0, 1.0], [0.375, 0.625], [0.0, 1.0], [0.3, 0.7], [0.41407070159912107, 0.5859292984008789], [0.31901178359985355, 0.6809882164001465], [0.0, 1.0], [0.2734386716570173, 0.7265613283429827], [1.0, 0.0], [0.36425883769989015, 0.6357411623001099], [1.0, 0.0], [0.4348967446221246, 0.5651032553778754], [1.0, 0.0], [0.4914070701599121, 0.508592929840088], [0.0, 1.0], [0.4467337001453746, 0.5532662998546254], [1.0, 0.0], [0.49283922513326006, 0.5071607748667399], [1.0, 0.0], [0.5318515924307016, 0.46814840756929843], [0.0, 1.0], [0.49386219297136574, 0.5061378070286342], [0.4982350945472717, 0.5017649054527282], [0.49415371974309286, 0.5058462802569071], [0.9283169984817505, 0.07168300151824947], [0.521288924664259, 0.478711075335741], [0.1024230003356934, 0.8975769996643066], [0.49664975264493166, 0.5033502473550683], [1.0, 0.0], [0.5246136552757688, 0.4753863447242312], [1.0, 0.0], [0.549633989208623, 0.45036601079137695], [0.0, 1.0], [0.522152289748192, 0.47784771025180806], [0.0, 1.0], [0.497287894998278, 0.502712105001722]]

[0.466520738024901, 0.533479261975099]
[[0.5293427820490422, 0.4706572179509579], [0.34385615587234497, 0.656143844127655], [0.4551481315783633, 0.5448518684216367], [0.590750539302826, 0.40924946069717405], [0.49389167664249545, 0.5061083233575046], [0.7809033513069152, 0.21909664869308476], [0.5576720487901443, 0.4423279512098557], [0.6160348773002624, 0.3839651226997376], [0.5682834721556204, 0.4317165278443796], [0.3052052855491638, 0.6947947144508362], [0.5278099049853963, 0.4721900950146037], [0.3222363471984864, 0.6777636528015136], [0.500400097280475, 0.49959990271952504], [0.3027477383613586, 0.6972522616386414], [0.4771468785841083, 0.5228531214158917], [0.3102426648139953, 0.6897573351860047], [0.45957801397672793, 0.5404219860232721], [0.30562834739685063, 0.6943716526031494], [0.44491614096912063, 0.5550838590308794], [0.6933690071105957, 0.3066309928894043], [0.466520738024901, 0.533479261975099]]

[0.552638142449515, 0.44736185755048496]
[[0.5, 0.5], [0.34528675079345705, 0.654713249206543], [0.42264337539672847, 0.5773566246032715], [0.8464179992675781, 0.1535820007324219], [0.5639015833536783, 0.4360984166463216], [0.6064973950386048, 0.3935026049613952], [0.5745505362749099, 0.42544946372509007], [0.5996270298957824, 0.4003729701042176], [0.5795658349990844, 0.4204341650009155], [0.676032817363739, 0.323967182636261], [0.5956436653931935, 0.4043563346068065], [1.0, 0.0], [0.6534088560513087, 0.3465911439486913], [0.5207704305648804, 0.47922956943511963], [0.6368290528655052, 0.3631709471344948], [0.754615044593811, 0.245384955406189], [0.6499163852797614, 0.35008361472023863], [0.03765184879302978, 0.9623481512069703], [0.5886899316310881, 0.4113100683689118], [1.0, 0.0], [0.6260817560282619, 0.373918243971738], [0.29706225395202634, 0.7029377460479737], [0.5986634641885756, 0.4013365358114243], [0.3067479729652405, 0.6932520270347595], [0.5762084264021652, 0.4237915735978347], [0.30623406171798706, 0.6937659382820129], [0.5569245432104382, 0.44307545678956173], [0.30617641210556035, 0.6938235878944397], [0.5402080011367797, 0.45979199886322025], [0.747755253314972, 0.25224474668502805], [0.5531797043979167, 0.4468202956020833], [0.5821948170661926, 0.4178051829338074], [0.5548864757313448, 0.44511352426865536], [0.3336838603019714, 0.6663161396980286], [0.5425974415408239, 0.45740255845917605], [0.2568225979804993, 0.7431774020195008], [0.5275566603008068, 0.4724433396991932], [0.8255353093147277, 0.17446469068527226], [0.5424555927515028, 0.45754440724849715], [0.7562891364097595, 0.24371086359024052], [0.552638142449515, 0.44736185755048496]]

[[0.5, 0.5], [0.8528602957725525, 0.1471397042274475], [0.6764301478862762, 0.3235698521137238], [0.5001989960670471, 0.4998010039329529], [0.6176864306131998, 0.3823135693868001], [0.33004410266876216, 0.6699558973312378], [0.5457758486270905, 0.4542241513729095], [0.3000049591064453, 0.6999950408935547], [0.4966216707229615, 0.5033783292770385], [0.8163844466209411, 0.18361555337905888], [0.5499154667059581, 0.4500845332940419]]

[[0.549915466705958, 0.4500845332940419], [0.8184294462203979, 0.18157055377960207], [0.5857173306412167, 0.41428266935878333], [0.3508695483207702, 0.6491304516792298], [0.5580881797799876, 0.4419118202200123], [0.6452139496803284, 0.3547860503196716], [0.5672593134537077, 0.4327406865462922], [0.0, 1.0], [0.513234616934307, 0.48676538306569295], [0.2978825569152832, 0.7021174430847168], [0.4945083508456963, 0.5054916491543038]]
policy_values: [11.373692069451014, 11.626307930548986]

[[0.4945083508456963, 0.5054916491543038], [0.848530399799347, 0.15146960020065303], [0.5217408161498234, 0.47825918385017674], [0.3505353450775146, 0.6494646549224854], [0.5095118539303727, 0.49048814606962743], [0.31422790288925173, 0.6857720971107483], [0.4964929238609646, 0.5035070761390354], [0.31296966075897215, 0.6870303392410279], [0.48502271991709006, 0.51497728008291], [0.3044146418571472, 0.6955853581428528], [0.47439871532532873, 0.5256012846746714], [0.3060131072998047, 0.6939868927001953], [0.46504395932391074, 0.5349560406760894], [0.4596252918243408, 0.5403747081756591], [0.4647587662976176, 0.5352412337023825], [0.2971961379051209, 0.7028038620948791], [0.4563806348779928, 0.5436193651220073], [0.3002349972724915, 0.6997650027275085], [0.44894512832534983, 0.5510548716746503], [0.6626196265220642, 0.3373803734779358], [0.4586576055161096, 0.5413423944838904]]
policy_values: [20.180934642708824, 23.81906535729118]

[[0.4586576055161096, 0.5413423944838904], [0.46960035562515257, 0.5303996443748474], [0.45912325445692004, 0.5408767455430801], [0.3406882047653198, 0.6593117952346802], [0.4542891707960384, 0.5457108292039616], [0.3098138332366943, 0.6901861667633057], [0.44862347128390734, 0.5513765287160928], [0.7958476424217225, 0.20415235757827754], [0.4617262701947683, 0.5382737298052318], [1.0, 0.0], [0.481299860369504, 0.5187001396304961], [0.7435496687889099, 0.25645033121109007], [0.49050160803334275, 0.5094983919666572], [0.0, 1.0], [0.4738744348796701, 0.5261255651203299], [0.3044746518135071, 0.6955253481864929], [0.4683203436315992, 0.5316796563684009], [0.0, 1.0], [0.45345303113535795, 0.546546968864642], [0.0, 1.0], [0.439500630177347, 0.5604993698226531]]
policy_values: [28.567540961527552, 36.43245903847245]

[[0.4395006301773469, 0.560499369822653], [0.34188830852508545, 0.6581116914749146], [0.43662967954051574, 0.5633703204594843], [0.35484981536865234, 0.6451501846313477], [0.43429311199274817, 0.5657068880072518], [0.8468786954879761, 0.15312130451202388], [0.4457538226453934, 0.5542461773546067], [0.32411190271377566, 0.6758880972862243], [0.44246620318778207, 0.557533796812218], [0.30280406475067134, 0.6971959352493287], [0.4387908837552266, 0.5612091162447734], [0.854501748085022, 0.145498251914978], [0.4494501366867598, 0.5505498633132403], [0.30113475322723393, 0.6988652467727661], [0.4457422521002716, 0.5542577478997285], [0.7384747505187989, 0.26152524948120115], [0.4528820691348698, 0.5471179308651303], [0.30763729810714724, 0.6923627018928528], [0.44942386030087633, 0.5505761396991238], [0.41990705728530886, 0.5800929427146911], [0.44873742302144454, 0.5512625769785555]]
policy_values: [38.59141837984423, 47.40858162015578]
